33.1629 
33.1596 
33.2652 
33.2835 
33.2813 
33.2272 
33.2552 
33.2616 
33.2513 
33.2313 
33.2412 
33.2450 
33.2413 
33.2191 
33.2561 
33.2689 
33.2638 
33.2241 
33.4230 
33.4477 
33.4503 
33.4020 
34.2989 
34.3097 
34.3134 
34.2849 
34.6161 
34.6273 
34.6309 
34.5979 
35.5570 
35.5582 
35.5735 
35.5566 
35.9904 
35.9954 
36.0070 
35.9949 
36.1031 
36.1083 
36.1147 
36.0992 
36.1159 
36.1143 
36.1164 
36.0997 
36.1220 
36.1198 
36.1217 
36.1025 
41.0962 
41.0960 
41.8205 
41.8383 
41.8422 
41.8364 
41.8411 
41.8414 
41.8412 
41.8378 
41.8405 
41.8405 
41.8406 
41.8342 
41.8116 
41.8110 
41.8105 
41.8109 
41.8142 
41.8121 
41.8108 
41.8074 
41.8106 
41.8100 
41.8107 
41.8072 
41.8179 
41.8209 
41.8213 
41.8169 
41.8221 
41.8225 
41.8233 
41.8199 
41.8244 
41.8233 
41.8241 
41.8199 
41.8249 
41.8240 
41.8252 
41.8205 
41.8245 
41.8239 
41.8245 
41.8207 
41.8244 
41.8240 
41.8244 
41.8209 
45.1351 
45.1347 
45.2388 
45.2437 
45.2439 
45.2428 
45.2435 
45.2435 
45.2434 
45.2431 
45.2437 
45.2437 
45.2437 
45.2433 
45.2437 
45.2437 
45.2437 
45.2434 
45.2438 
45.2437 
45.2437 
45.2434 
45.2438 
45.2438 
45.2438 
45.2434 
15.5438 
72.6140 
72.6140 
72.6140 
72.6140 
72.6140 
72.6140 
72.6140 
72.6140 
72.6140 
72.6140 
72.6140 
72.6140 
72.6140 
72.6140 
72.6140 
72.6140 
72.6140 
72.6140 
72.6140 
72.6140 
72.6140 
72.6140 
72.6140 
77.0863 
77.0863 
77.0863 
77.0863 
77.0863 
77.0863 
77.0863 
77.0863 
77.0863 
77.0863 
77.0863 
77.0863 
77.0863 
77.0863 
77.0863 
77.0863 
77.0863 
77.0863 
77.0863 
77.0863 
77.0863 
77.0863 
77.0863 
77.0863 
77.0863 
77.0863 
77.0863 
77.0863 
77.0863 
77.0863 
77.0863 
77.0863 
77.0863 
77.0863 
77.0863 
77.0863 
77.0863 
77.0863 
77.0863 
77.0863 
77.0863 
77.0863 
77.0863 
77.0863 
77.0863 
77.0863 
77.0863 
77.0863 
77.0863 
77.0863 
76.7818 
76.7818 
76.7818 
76.7818 
76.7818 
76.7818 
76.7818 
76.7818 
76.7818 
76.7818 
76.7818 
76.7818 
76.7818 
76.7818 
76.7818 
76.7818 
76.7818 
76.7818 
76.7818 
76.7818 
76.7818 
76.7818 
76.7818 
76.7818 
76.7818 
76.7818 
76.7818 
76.7818 
76.7818 
76.7818 
76.7818 
76.7818 
76.7818 
76.7818 
76.7818 
76.7818 
76.7818 
76.7818 
76.7818 
76.7818 
76.7818 
76.7818 
76.7818 
76.7818 
76.7818 
76.7818 
76.7818 
76.7818 
76.7818 
76.7818 
76.8065 
76.8065 
76.8148 
76.8148 
76.8148 
76.8107 
76.8169 
76.8169 
76.8169 
76.8107 
76.8169 
76.8169 
76.8169 
76.8107 
76.8169 
76.8169 
76.8169 
76.8107 
76.8169 
76.8169 
76.8169 
76.8107 
76.8169 
76.8169 
76.8169 
76.8107 
76.8169 
76.8169 
76.8169 
76.8107 
76.8169 
76.8169 
76.8169 
76.8107 
76.8169 
76.8169 
76.8169 
76.8107 
76.8169 
76.8169 
76.8169 
76.8107 
76.8169 
76.8169 
76.8169 
76.8107 
76.8169 
76.8169 
76.8169 
76.8107 
77.3664 
77.3664 
77.3664 
77.3664 
77.3664 
77.3664 
77.3664 
77.3664 
77.3664 
77.3664 
77.3664 
77.3664 
77.3664 
77.3688 
77.3805 
77.4256 
77.4090 
59.2289 
45.5507 
42.5269 
41.2216 
40.8715 
40.7082 
40.4675 
39.9627 
38.9996 
39.1454 
38.4618 
38.6267 
37.2313 
37.3563 
42.8069 
36.5683 
36.5982 
35.2438 
35.6444 
34.4918 
34.7188 
33.6503 
33.7778 
32.2368 
33.8074 
33.4663 
33.7552 
33.9172 
33.4804 
33.7074 
33.9705 
33.4190 
33.3467 
41.9881 
35.3832 
35.1240 
35.0886 
34.3261 
35.8455 
33.6351 
33.8733 
33.8872 
32.9862 
33.4031 
33.6144 
32.7883 
33.1594 
33.3053 
32.6414 
32.8305 
33.1943 
32.5785 
32.8765 
33.0518 
32.5368 
32.9612 
33.3584 
32.9610 
33.2545 
33.2569 
33.2224 
33.6102 
33.9973 
33.5644 
32.5157 
33.1396 
33.3705 
33.7518 
33.9741 
34.4940 
35.0729 
35.3529 
35.7453 
36.3446 
37.2150 
37.4206 
37.7877 
38.9202 
38.4208 
39.3566 
38.8646 
39.7696 
39.7486 
48.7877 
42.7302 
45.4811 
57.5956 
63.8621 
62.3243 
66.8146 
66.3980 
67.1810 
67.1826 
67.1810 
66.3980 
67.1851 
67.1867 
67.1851 
66.3980 
67.1959 
67.1959 
67.1959 
66.3980 
67.1959 
67.1959 
66.9668 
48.1029 
36.2847 
36.5307 
34.7207 
32.8465 
49.1965 
33.5270 
29.2560 
29.3541 
29.1483 
29.4310 
28.4243 
28.0453 
27.4829 
28.6002 
28.1980 
29.2616 
29.4121 
29.6009 
29.9207 
32.2881 
33.2015 
35.3110 
36.4176 
36.7428 
37.0543 
37.1525 
46.8407 
43.5999 
44.5939 
46.6497 
46.0620 
46.5951 
46.6381 
46.6420 
46.6393 
46.6241 
46.6392 
46.6415 
46.6403 
46.6253 
46.6369 
46.6381 
46.6390 
46.6258 
46.6364 
46.6369 
46.6365 
46.6258 
46.6410 
46.6389 
46.6425 
46.6290 
46.6424 
46.6434 
46.6393 
46.6277 
46.6381 
46.6402 
46.6388 
46.6309 
46.6400 
46.6421 
44.7406 
41.5081 
35.5391 
33.4483 
30.7337 
30.0979 
29.7235 
28.6128 
27.9501 
28.6334 
27.9983 
27.8405 
28.1379 
29.6717 
47.3502 
47.3507 
29.5488 
29.8295 
33.3865 
33.5996 
35.3169 
37.9350 
36.3417 
48.1791 
63.5415 
64.2896 
64.2889 
64.2875 
64.2381 
51.7668 
42.4710 
38.5004 
37.7833 
38.5583 
37.6218 
36.1517 
34.9936 
33.5535 
33.5284 
33.0259 
43.3342 
32.6579 
32.6027 
32.3780 
31.9323 
31.5540 
31.2025 
31.0093 
30.9150 
30.6069 
30.3266 
30.0190 
29.8187 
30.0205 
29.7681 
29.8358 
29.8859 
29.6329 
29.6539 
29.5294 
29.1602 
29.1655 
28.8319 
28.8001 
42.2293 
28.6077 
28.6239 
28.4912 
28.5700 
28.4354 
28.7570 
28.8264 
29.0146 
28.7867 
28.9300 
28.8123 
29.0069 
28.8813 
29.1583 
29.0296 
29.1256 
29.0058 
29.1234 
28.9469 
29.0714 
28.7382 
28.9491 
29.4749 
29.8142 
38.8985 
30.8226 
31.3650 
31.2084 
31.5373 
30.1421 
30.3110 
28.9485 
28.8047 
28.1460 
28.0141 
28.3332 
28.3902 
29.0969 
29.7751 
31.8656 
33.2336 
35.6556 
39.6112 
49.6078 
53.0139 
53.0531 
53.0519 
53.0484 
53.0136 
66.1264 
66.1264 
66.2118 
66.3232 
66.3866 
66.4505 
66.4505 
66.4505 
66.4505 
66.4505 
66.4505 
66.4505 
66.4505 
66.4505 
47.1852 
37.9852 
32.8931 
33.5337 
34.1611 
31.5356 
29.4745 
28.3526 
27.3874 
26.3432 
39.9706 
25.4258 
25.3220 
24.9634 
24.6733 
24.6392 
24.8513 
25.2059 
25.8577 
25.9470 
25.7602 
25.3973 
25.3566 
25.0052 
24.5481 
24.3244 
24.4544 
24.4883 
24.6088 
24.8932 
25.1675 
25.1947 
25.0335 
24.7314 
34.1193 
24.6015 
36.9971 
23.9486 
23.5648 
23.2036 
23.1007 
23.3225 
23.6054 
23.6317 
23.6040 
23.8044 
24.0045 
24.1685 
24.7081 
25.4301 
26.2128 
26.5542 
26.0810 
25.8371 
25.7551 
25.6325 
25.3364 
25.2445 
32.5604 
25.2823 
24.9838 
25.0735 
24.9305 
24.7622 
24.2963 
24.1725 
24.1716 
24.3714 
24.2148 
24.2405 
24.1891 
24.4520 
24.5970 
24.2737 
25.2986 
26.2617 
27.5032 
28.3649 
29.4279 
30.4684 
31.3734 
34.0678 
35.3953 
50.1370 
42.9106 
62.1183 
65.6754 
65.6754 
65.6773 
65.6773 
65.6773 
50.2805 
39.2520 
35.1081 
34.9248 
35.2031 
34.9418 
34.9170 
34.4888 
33.4244 
33.2470 
32.5091 
32.1972 
31.3446 
32.9403 
32.7349 
32.9946 
38.9478 
32.9128 
32.5192 
32.6357 
32.8276 
32.7424 
33.1030 
32.9917 
33.3147 
33.0266 
33.5052 
33.5883 
33.4490 
33.6756 
33.7709 
33.2649 
33.6736 
33.2768 
33.6518 
33.3665 
34.2829 
34.2734 
34.7742 
35.1248 
35.8690 
39.2614 
35.4357 
36.0031 
35.4759 
44.6478 
36.0749 
35.9316 
35.6326 
35.7184 
35.5442 
35.6413 
35.3071 
35.4628 
35.3960 
35.8256 
35.4750 
35.5774 
35.3162 
35.8822 
36.1600 
37.2275 
36.8458 
37.3353 
37.1528 
43.4868 
37.0774 
37.1113 
36.7260 
36.7558 
36.4117 
36.5400 
36.1057 
36.1988 
35.8482 
35.9540 
35.5993 
35.7732 
35.3612 
35.4436 
35.1827 
35.2171 
34.9526 
35.0403 
34.7686 
34.8396 
34.5325 
34.5964 
34.3203 
43.2770 
34.2940 
34.2665 
34.1001 
34.1140 
33.9653 
47.3775 
34.0040 
33.9116 
33.8202 
32.1413 
32.8825 
33.4587 
34.1844 
35.2210 
35.7501 
36.0735 
36.5801 
38.4919 
38.1149 
37.9666 
48.3896 
73.9115 
74.2149 
74.2183 
74.2024 
73.9115 
74.2149 
74.2183 
74.2024 
73.9115 
74.2149 
74.2183 
74.2024 
73.9115 
74.2149 
74.2183 
74.2024 
38.2609 
38.8661 
38.9840 
37.4596 
37.4339 
36.5890 
36.1087 
34.4118 
33.5200 
32.2304 
31.2365 
41.4878 
30.1747 
29.4088 
29.1816 
29.0362 
28.8779 
28.7593 
43.4096 
28.4159 
28.4681 
28.5073 
28.4087 
28.4285 
28.4176 
28.4412 
28.4600 
28.4511 
28.4878 
28.5051 
28.5115 
25.3112 
23.1702 
24.6361 
25.0058 
23.6794 
42.8795 
26.9881 
29.1983 
30.0914 
30.3298 
30.1457 
29.3178 
27.4760 
26.8678 
26.1160 
26.0962 
26.8832 
28.1110 
29.2836 
30.0949 
30.3343 
30.4548 
31.7939 
31.2422 
26.5588 
27.8192 
27.6159 
26.2930 
29.6585 
42.8858 
30.8525 
30.6398 
30.6881 
30.7666 
30.8143 
30.5509 
30.9189 
44.9804 
32.4199 
32.6049 
32.8474 
33.1170 
33.4476 
32.9628 
33.5027 
33.8263 
33.7804 
32.8019 
31.9521 
32.3607 
32.1455 
31.2852 
31.1566 
31.0420 
42.7326 
31.2237 
31.3126 
31.4316 
31.4862 
31.3281 
31.2834 
31.2951 
31.3722 
31.5493 
31.7917 
31.7289 
31.6741 
31.7806 
32.0723 
32.2356 
32.3329 
32.4368 
32.3438 
32.3942 
31.9732 
32.4950 
32.9975 
34.0634 
45.0282 
34.8696 
35.8185 
36.4485 
37.6606 
37.6149 
38.8773 
39.7346 
39.6038 
74.1214 
74.0936 
74.1337 
74.1337 
74.1911 
55.4693 
44.4200 
43.2093 
41.5684 
40.7017 
39.3951 
38.3577 
36.7716 
35.9427 
35.1434 
51.2831 
34.2043 
33.6914 
33.1562 
34.2519 
34.4712 
34.5039 
34.6397 
34.8174 
34.2424 
33.3971 
33.2303 
32.0945 
31.8411 
31.4528 
31.2190 
31.8227 
31.9878 
30.5967 
29.5958 
20.0703 
35.5175 
34.6888 
36.7431 
37.6971 
50.0760 
38.7871 
38.8156 
37.1445 
34.8157 
32.5896 
31.0059 
29.1103 
26.9230 
26.1662 
65.4888 
42.9952 
72.1308 
72.1308 
72.0567 
71.9615 
71.9703 
71.9703 
71.9554 
71.9703 
71.9554 
36.5950 
31.7069 
29.3502 
46.5866 
29.4040 
30.4982 
30.3814 
28.4416 
29.3477 
26.1541 
24.3069 
24.0667 
24.6446 
26.5617 
28.8991 
31.1858 
31.9154 
32.6890 
34.3008 
35.3296 
35.6957 
35.2606 
34.1709 
34.3081 
34.6299 
36.1278 
37.2764 
37.1886 
43.2746 
32.0783 
30.9736 
31.5332 
32.2477 
32.8465 
33.2279 
34.3517 
35.5748 
35.6842 
35.9156 
45.6756 
34.6333 
33.2992 
33.1532 
32.8751 
33.7927 
36.0087 
36.3948 
35.0263 
34.4489 
33.8389 
32.4443 
33.7650 
45.0316 
36.6665 
36.9658 
35.9152 
35.3045 
35.1564 
34.4686 
31.3003 
29.9376 
31.2319 
28.3054 
28.2216 
29.7328 
29.8356 
30.2680 
31.1206 
33.9601 
35.3240 
33.8179 
33.6052 
33.8476 
34.6275 
35.3089 
36.2908 
44.6183 
36.4436 
38.5758 
39.4337 
39.9280 
40.3981 
16.0803 
30.5470 
28.3896 
25.7591 
23.5318 
23.9679 
24.6943 
45.4066 
25.8763 
27.2694 
28.2944 
29.5444 
26.0370 
22.2857 
21.9598 
23.5545 
24.7261 
25.6762 
26.8241 
44.7198 
28.2716 
28.5642 
29.1168 
29.6788 
30.3092 
33.4613 
33.1518 
28.7444 
26.2210 
25.4812 
24.6870 
26.5504 
25.6379 
25.4291 
24.9732 
25.9188 
26.1640 
26.5108 
27.6778 
29.0119 
29.9620 
16.5807 
31.6352 
45.2756 
30.3265 
29.3756 
29.1289 
30.3490 
32.3928 
32.4297 
32.3523 
33.7010 
33.3114 
33.0683 
32.4049 
33.9484 
34.2858 
45.8421 
31.2326 
30.4620 
29.6419 
29.2882 
29.6248 
30.2912 
30.6992 
31.2071 
31.4032 
31.3865 
44.9855 
32.3529 
32.9432 
32.9524 
30.4587 
31.2123 
30.6005 
30.6558 
32.7107 
38.5396 
60.2463 
76.1477 
39.4352 
38.9565 
38.1186 
38.0331 
38.0240 
38.5058 
38.4092 
38.3032 
38.2437 
38.1895 
37.9579 
37.5211 
45.5917 
38.1211 
38.0169 
37.6811 
38.6122 
38.8544 
38.7620 
38.7859 
38.7850 
38.6661 
38.6909 
38.8718 
38.6053 
38.8458 
38.7186 
49.3806 
39.0902 
38.9709 
39.0230 
39.0235 
39.0255 
38.9095 
38.7386 
38.8851 
48.5059 
38.9082 
38.9083 
38.7691 
38.8166 
38.8837 
38.9632 
38.7004 
38.8705 
38.7922 
38.9208 
38.6477 
38.8880 
38.6567 
38.8534 
38.7396 
38.9028 
38.7725 
15.0926 
32.8486 
33.2270 
31.2141 
28.4051 
27.3730 
25.6969 
46.3313 
25.6156 
25.9517 
25.8211 
25.8485 
26.2358 
26.2051 
26.0803 
26.2645 
26.5872 
26.8035 
26.2840 
25.8802 
26.1560 
26.3388 
26.6779 
46.5961 
26.9061 
26.8044 
27.3430 
27.7570 
28.0796 
27.2820 
26.7361 
45.5597 
26.7611 
26.8918 
27.1338 
27.1398 
27.1941 
26.8897 
26.7554 
27.0852 
27.1039 
27.2875 
27.5985 
27.8644 
27.9040 
27.2695 
26.7165 
25.0917 
24.7243 
25.0852 
25.0191 
24.6768 
24.0598 
23.8896 
24.2351 
17.6914 
46.5109 
33.0658 
33.7786 
33.5721 
33.7059 
33.9016 
33.5196 
32.9933 
32.8862 
33.3174 
33.5420 
33.2736 
33.1228 
33.0520 
33.2304 
33.3226 
33.3379 
45.2849 
32.9128 
32.5173 
32.1653 
32.5384 
33.0977 
32.8019 
43.7569 
19.6970 
35.7125 
44.1883 
29.4247 
26.8090 
26.5250 
27.0021 
28.9730 
29.8863 
30.4303 
31.3064 
32.4595 
33.7399 
34.5267 
34.4281 
35.0556 
37.4549 
38.1192 
39.5239 
41.6049 
42.3116 
16.4829 
28.5196 
28.7515 
40.5594 
27.9392 
27.4306 
27.2914 
28.2646 
28.1014 
28.1141 
28.3937 
28.9467 
29.0339 
27.7173 
27.1809 
27.5310 
27.9866 
28.1512 
27.9296 
28.7260 
29.6911 
38.0210 
29.6030 
30.5454 
30.6848 
17.0531 
24.8051 
44.6497 
26.0286 
28.1905 
29.1594 
27.9350 
23.2878 
22.3415 
24.0065 
24.2212 
24.5050 
25.6370 
24.9145 
24.7532 
25.2121 
23.2695 
23.0276 
24.1829 
25.5640 
26.7524 
25.1954 
24.6805 
21.0122 
20.2866 
22.1395 
43.8295 
23.4134 
23.9440 
24.4443 
25.6218 
25.0644 
24.6795 
23.8708 
23.8757 
24.1157 
25.0428 
16.6524 
24.2451 
25.2369 
25.6539 
25.6861 
25.9437 
33.8510 
38.7549 
38.6032 
49.1061 
38.0110 
37.9248 
37.6562 
37.3861 
47.4274 
37.0767 
37.2936 
37.0328 
37.0273 
37.0423 
36.9561 
36.9471 
36.9231 
36.9764 
36.7724 
36.8210 
37.0171 
37.0215 
37.1011 
37.1690 
37.3503 
37.3696 
37.4114 
37.6952 
17.8255 
20.3385 
19.6854 
19.1498 
43.7177 
19.8238 
19.6944 
19.7573 
18.8893 
18.8408 
18.6806 
18.6751 
19.0194 
18.6920 
18.7180 
18.6555 
27.1640 
30.8219 
30.8879 
30.8738 
30.5197 
30.0609 
30.5384 
30.7930 
30.4770 
40.3156 
30.3917 
30.7959 
17.9847 
42.0272 
24.7190 
24.6161 
24.7340 
24.3625 
25.1680 
25.1228 
25.0122 
25.6385 
25.8665 
26.0254 
25.6943 
24.1835 
24.4527 
24.6214 
25.2724 
28.1500 
26.6741 
26.3696 
18.9467 
19.9838 
17.6884 
16.6270 
17.5520 
44.1422 
16.6020 
16.6124 
18.2471 
20.2736 
20.8797 
20.9230 
20.4876 
19.5413 
18.9448 
18.9999 
19.2139 
19.6307 
20.2198 
20.8361 
21.7115 
22.7272 
23.9809 
25.3901 
27.1486 
29.6294 
32.6699 
43.4297 
34.0442 
42.7706 
18.1014 
21.8299 
20.8581 
21.6598 
22.5517 
23.1755 
24.0254 
25.9300 
26.2431 
25.2293 
24.8396 
22.9864 
23.0943 
25.7539 
27.8360 
29.0745 
29.6867 
31.2134 
31.6086 
31.0286 
30.3393 
16.2109 
33.5054 
33.8266 
50.0214 
34.2081 
34.4003 
34.8749 
35.1147 
35.2504 
34.8448 
34.4039 
34.0848 
33.5454 
32.4063 
30.5557 
30.1182 
29.9343 
29.7606 
29.9433 
29.8973 
30.3229 
30.8414 
31.5333 
29.2202 
28.6111 
29.5925 
51.2757 
51.2654 
34.4183 
35.3790 
15.7256 
23.9829 
23.9601 
23.9525 
23.8877 
23.8200 
23.7317 
23.6944 
23.5424 
23.4279 
23.3716 
23.4693 
23.4892 
23.5547 
23.4270 
23.4293 
23.3416 
23.3011 
23.2691 
23.1201 
22.9900 
13.9338 
46.7277 
20.3439 
22.6590 
23.7301 
24.5879 
25.7404 
34.2949 
41.5216 
41.5950 
41.2055 
40.8617 
40.5861 
40.6099 
40.5629 
40.3236 
40.3428 
40.3224 
40.3546 
40.2181 
40.2018 
40.2457 
40.2756 
40.0668 
39.6658 
49.3276 
40.6917 
40.9285 
40.9940 
40.9424 
40.9633 
41.0124 
41.0343 
41.0751 
41.0344 
41.2528 
41.3389 
41.5593 
13.9312 
23.1448 
23.4260 
23.5169 
23.6128 
23.8114 
24.1500 
24.1559 
24.0317 
24.0083 
24.2058 
24.2150 
44.5326 
23.1996 
22.7781 
23.3750 
24.6293 
26.4010 
25.9727 
24.9162 
24.0570 
23.6465 
23.5988 
23.5288 
23.7839 
23.8178 
23.5817 
23.0067 
22.7858 
23.1070 
24.0349 
25.6640 
26.8213 
26.4815 
24.0234 
22.7406 
44.0165 
46.5984 
23.3928 
25.3957 
28.5052 
28.8609 
26.9747 
25.9416 
25.6635 
26.1265 
26.1732 
27.0449 
28.5199 
28.5512 
28.2758 
28.3285 
28.4914 
29.5446 
29.2157 
28.6746 
29.1931 
28.3191 
26.5846 
25.3811 
44.1152 
25.2955 
25.5460 
25.7156 
25.2881 
25.3018 
25.3397 
25.4377 
26.0051 
27.2824 
27.0805 
25.2979 
26.1386 
26.6899 
28.0618 
28.6848 
30.5764 
34.2948 
37.6404 
36.5611 
34.9173 
34.6490 
35.2138 
35.7416 
36.0809 
43.2637 
36.3268 
45.1009 
38.5550 
39.8268 
40.7954 
41.1654 
41.0166 
41.3921 
41.2801 
41.5719 
41.3651 
41.7403 
41.7578 
41.9939 
41.7205 
41.9241 
41.6838 
41.7935 
41.5488 
41.8487 
41.5671 
42.0354 
41.8465 
44.5473 
42.3922 
42.1942 
42.5739 
42.7969 
43.2124 
14.8847 
43.9922 
43.9729 
42.8191 
41.2950 
41.0188 
40.3178 
38.2322 
40.6122 
37.7550 
37.1828 
35.5628 
35.6638 
34.9247 
34.0418 
33.7365 
34.1310 
33.9794 
33.8020 
43.2116 
33.6066 
33.6221 
41.7531 
34.2746 
34.9871 
36.1273 
37.2204 
37.8248 
19.7368 
41.3841 
40.3980 
39.3044 
38.3078 
37.4722 
37.4511 
37.9167 
38.0451 
38.2877 
38.4065 
38.6147 
38.8966 
39.5718 
40.4256 
43.7071 
40.9319 
38.7421 
32.9432 
28.4842 
28.6138 
30.3081 
33.2210 
35.8370 
38.6571 
40.7931 
41.9003 
42.0152 
42.2963 
42.2238 
42.5643 
42.4041 
42.4740 
42.4451 
42.4790 
42.3843 
14.3291 
37.6529 
37.2591 
44.4757 
37.1368 
37.7069 
38.1548 
39.0403 
45.9990 
41.2966 
43.3662 
43.8448 
43.7928 
43.3668 
40.1197 
36.4809 
34.7108 
34.3067 
34.8466 
35.7357 
37.6592 
38.7219 
40.1690 
40.5580 
36.5368 
33.6201 
32.9888 
33.9222 
44.8347 
37.2742 
39.3559 
40.8494 
41.9629 
39.2252 
35.4521 
33.1880 
30.8598 
32.0325 
35.8122 
35.5654 
37.4177 
37.2739 
39.2493 
37.1817 
38.7613 
36.8301 
31.2940 
29.3647 
29.1139 
28.7433 
28.4208 
28.2134 
44.6007 
27.9002 
27.7685 
28.4437 
29.1622 
28.7760 
45.1237 
28.7215 
30.5307 
28.7863 
26.9354 
27.3102 
26.7882 
25.8822 
25.7962 
26.0251 
26.3634 
26.7043 
27.6253 
28.8680 
28.9491 
28.9098 
29.3426 
29.4321 
29.2842 
43.9889 
28.5987 
28.5465 
28.7103 
30.1466 
31.7574 
32.2217 
31.8230 
33.0108 
34.3513 
36.2338 
35.5145 
34.0296 
32.5225 
32.2297 
32.8663 
33.6985 
33.7910 
31.9643 
30.1672 
29.2984 
29.3792 
29.8583 
31.5204 
43.7671 
33.6447 
31.6778 
30.9405 
31.1912 
33.0222 
33.3341 
44.2303 
32.1584 
32.4861 
32.4018 
33.5039 
36.0120 
36.4424 
38.4575 
37.3597 
20.3435 
28.8242 
29.5177 
30.8501 
33.0478 
36.5127 
34.8959 
32.2002 
29.9152 
44.5736 
29.2630 
29.1996 
28.9515 
28.0601 
27.5977 
27.3187 
27.2562 
27.5008 
28.1391 
28.9714 
29.9840 
31.4472 
33.0545 
34.8886 
13.8522 
25.7424 
26.7771 
26.9543 
26.4942 
26.1736 
33.4296 
36.6635 
36.0719 
47.1686 
35.8406 
35.7078 
35.4596 
35.1697 
34.9963 
34.9634 
34.6243 
47.6438 
34.2202 
34.3206 
34.4132 
34.3895 
34.5571 
15.4482 
19.2412 
17.8119 
18.2008 
17.6351 
18.0657 
17.4803 
17.6325 
18.3327 
17.8815 
40.8061 
17.8872 
19.0436 
18.6629 
18.3060 
18.1199 
18.0623 
18.3243 
18.7499 
19.0995 
19.2784 
19.5314 
19.7156 
20.2762 
20.8321 
22.0278 
23.0637 
23.3825 
15.7298 
35.6560 
36.2553 
37.5835 
37.7786 
35.3489 
33.1325 
48.8146 
32.5941 
32.4224 
31.8937 
32.2589 
33.7158 
34.2006 
34.3615 
35.2826 
48.6894 
36.4551 
36.9129 
37.4148 
38.0523 
21.1482 
27.2044 
28.1530 
28.4282 
28.2084 
28.1639 
35.8543 
41.6761 
41.4246 
41.2104 
49.7134 
40.9068 
40.6791 
40.4779 
40.0069 
39.8946 
39.6912 
39.4601 
39.2533 
39.2305 
39.1976 
39.0783 
38.9520 
39.1264 
38.9425 
39.0297 
39.0279 
39.1336 
39.1660 
39.1897 
39.3337 
39.3336 
39.4648 
39.6220 
39.5005 
48.3959 
39.9423 
39.9950 
17.5955 
43.2173 
40.4532 
38.3181 
36.5173 
34.8571 
33.6816 
48.1278 
32.3194 
31.7987 
32.5680 
33.2783 
35.4059 
37.8442 
36.5368 
35.2181 
34.4052 
35.6082 
37.7803 
39.7336 
40.7291 
47.3317 
42.0521 
42.5584 
43.7480 
44.5921 
44.2608 
41.2779 
37.6918 
36.1751 
35.8009 
35.1682 
35.2590 
35.4747 
35.1270 
34.6196 
34.3579 
34.6629 
35.2453 
36.1722 
36.7265 
36.8749 
36.9081 
37.9416 
37.8561 
46.8224 
37.6897 
37.3586 
36.0207 
35.3901 
35.6423 
35.6892 
36.0461 
36.4530 
36.6803 
35.9251 
35.6808 
46.9872 
36.3334 
37.6877 
37.9270 
38.6723 
39.8869 
40.3545 
39.8663 
39.5840 
40.4864 
40.8590 
40.9270 
41.2748 
46.5444 
40.6364 
38.2992 
36.1753 
34.0116 
32.8700 
32.4882 
32.2233 
32.6471 
33.5809 
34.8184 
36.4637 
21.4666 
22.4590 
22.6723 
23.2917 
22.2458 
22.0982 
22.2558 
22.6685 
22.7650 
23.6740 
24.2645 
24.7063 
45.9367 
25.0852 
24.4378 
24.0300 
23.6576 
23.2897 
23.4571 
23.0818 
22.7151 
23.1394 
18.6371 
21.9523 
23.4314 
49.5365 
24.6468 
25.2037 
33.1050 
39.4718 
39.1575 
38.7086 
38.3210 
38.0930 
38.0586 
37.8170 
37.6266 
48.1499 
37.7863 
37.5825 
37.6069 
37.6314 
37.5344 
37.4717 
37.5059 
37.5607 
37.4784 
37.4310 
37.5570 
37.6352 
37.6315 
37.7622 
37.7753 
37.9490 
37.8917 
37.9942 
38.0042 
38.3838 
38.3392 
39.1463 
46.1407 
46.2601 
19.5438 
40.0143 
40.0307 
40.0575 
39.9931 
39.8749 
40.0899 
39.7841 
39.4664 
39.0852 
39.1784 
39.0245 
38.7556 
44.3367 
39.5284 
39.4832 
39.5676 
39.8639 
39.6142 
39.6580 
39.4710 
38.6571 
38.2348 
43.5753 
38.3453 
37.7650 
38.1186 
37.6450 
38.9022 
38.9918 
42.5473 
45.1787 
52.8647 
41.4820 
37.5524 
35.7673 
34.9613 
34.6853 
35.0789 
35.8873 
37.4546 
39.5179 
42.3851 
42.9858 
43.4764 
43.4293 
43.7475 
43.7385 
46.5682 
43.6639 
43.6893 
42.3933 
38.7679 
38.4735 
38.8317 
37.7133 
35.5944 
38.6138 
38.9269 
40.8106 
18.2873 
73.0486 
73.0381 
57.9661 
32.4021 
30.2138 
31.9678 
26.2957 
49.1709 
24.4284 
49.3617 
23.8618 
50.1163 
50.1082 
23.5799 
46.9649 
24.2270 
42.9626 
25.0746 
38.3781 
26.2538 
35.6131 
27.7805 
34.0912 
29.4839 
32.4486 
30.5600 
31.4331 
29.7439 
29.9376 
28.8791 
28.6839 
28.0331 
27.9197 
27.5662 
27.3539 
27.0499 
44.6273 
26.8274 
26.8370 
26.7613 
26.8446 
27.0303 
27.2877 
27.4399 
27.7208 
27.9221 
18.9710 
33.5848 
33.0353 
16.3029 
17.1352 
21.1454 
49.1354 
28.1049 
30.4236 
38.3400 
38.2458 
37.0993 
35.9149 
35.2816 
49.6470 
35.9826 
36.0679 
36.2618 
36.7041 
37.4467 
38.3097 
38.7358 
38.9578 
39.0322 
38.9624 
38.9863 
20.1196 
27.0758 
27.7262 
28.6057 
28.8534 
28.2970 
26.9081 
26.8425 
26.5139 
27.5839 
25.9442 
23.2586 
25.8779 
44.2959 
24.4324 
23.1154 
22.3004 
20.9598 
23.0294 
24.3814 
25.7093 
15.9064 
22.0806 
22.5292 
22.9015 
22.8597 
22.5331 
22.6423 
22.6957 
22.3218 
44.0046 
22.4655 
20.9973 
21.2758 
21.2289 
21.3939 
20.8241 
43.3451 
21.8721 
22.4044 
18.3500 
20.8879 
19.9698 
19.1247 
20.3363 
22.0364 
23.1395 
22.6465 
22.5280 
21.4421 
20.7864 
20.9441 
20.7248 
20.9631 
21.9852 
21.5089 
21.8214 
22.0932 
26.3012 
26.3254 
26.4217 
41.6614 
26.5433 
26.7066 
26.7753 
26.8033 
26.8657 
26.9387 
27.0231 
27.2083 
27.3180 
27.4653 
27.5252 
27.5529 
27.5974 
18.8074 
22.5990 
22.6094 
23.6553 
23.2319 
46.3373 
23.5679 
22.7135 
23.1275 
21.7208 
22.7128 
45.7240 
22.7557 
23.5974 
15.1589 
26.9633 
24.6615 
27.7762 
23.4402 
21.7828 
17.0958 
16.4928 
16.4221 
17.9535 
19.2998 
19.4060 
17.2719 
25.3221 
25.5419 
25.4616 
26.1052 
25.9926 
25.6244 
26.6654 
27.1501 
44.3032 
27.6867 
27.5877 
28.3655 
29.3648 
28.9740 
28.6247 
16.8481 
27.8822 
25.8215 
25.0165 
24.9682 
25.9524 
27.4867 
29.9418 
31.0727 
29.3516 
28.9175 
30.2612 
30.8037 
48.0173 
31.8511 
33.1025 
33.4295 
17.9398 
46.9952 
20.1387 
19.5938 
19.3213 
21.2462 
21.0325 
18.3904 
21.2962 
20.9047 
21.2356 
21.1085 
19.5407 
20.3833 
19.5836 
18.9603 
19.8891 
20.0166 
20.0763 
15.1984 
27.4530 
27.5665 
27.9237 
27.1611 
26.6376 
40.6541 
26.2216 
27.1636 
27.9503 
28.0685 
27.9825 
27.9446 
27.6850 
26.6453 
26.2991 
25.5977 
24.8998 
24.9195 
25.2332 
25.6117 
26.1657 
26.8446 
27.4006 
27.4486 
27.4021 
27.7137 
38.3131 
28.2239 
15.8306 
40.5389 
25.4203 
25.0203 
24.9610 
26.2042 
27.6377 
27.3631 
26.1330 
26.3230 
27.2283 
27.5557 
27.9496 
28.4468 
28.3858 
28.5361 
28.0332 
26.0267 
25.4142 
24.4617 
24.4677 
23.7509 
22.9292 
23.3572 
24.5389 
25.4997 
37.7805 
25.1927 
25.3340 
24.9762 
24.4525 
23.9816 
25.0776 
25.3897 
26.2532 
26.2579 
26.6370 
27.0345 
26.8040 
25.9983 
25.5073 
26.3707 
26.6002 
26.3260 
25.7402 
25.5399 
25.4949 
25.6835 
37.7743 
26.0979 
37.3776 
25.4902 
25.3584 
25.0018 
15.4431 
34.6609 
33.5933 
33.0765 
32.2117 
31.4428 
30.7457 
31.0377 
30.7240 
32.2200 
31.1691 
21.3017 
39.0716 
38.3852 
39.3611 
39.6624 
40.1174 
41.0181 
41.7127 
42.2556 
42.5796 
47.7469 
42.9586 
43.5361 
44.3499 
45.0015 
45.2042 
45.5181 
45.7548 
46.2660 
21.6688 
46.8317 
46.8089 
46.8339 
40.3259 
34.3764 
30.3916 
32.3161 
33.1923 
30.1598 
29.0880 
30.0348 
30.4112 
30.6512 
48.4748 
48.4766 
33.6645 
33.1007 
32.2563 
32.3711 
32.5822 
31.6893 
31.2573 
31.6626 
31.9035 
31.9226 
32.1151 
32.1048 
33.0724 
33.6278 
32.3306 
31.7941 
33.1773 
33.1409 
32.7457 
21.9715 
31.3301 
31.2867 
30.7682 
30.4251 
46.1441 
31.1226 
30.8496 
31.4976 
30.9218 
31.0037 
30.5405 
29.0317 
26.5183 
24.9246 
25.2192 
24.3078 
17.9881 
32.5420 
34.3041 
35.9918 
38.3830 
38.5231 
37.6413 
18.7780 
28.3693 
29.5820 
31.1797 
32.7397 
47.9550 
31.3858 
32.6987 
33.6299 
33.1187 
32.9713 
34.0284 
34.8626 
35.3587 
35.9773 
34.9198 
34.1211 
34.4892 
34.7031 
36.3548 
35.5461 
36.2730 
36.6894 
38.8570 
40.4756 
42.3374 
44.0067 
20.2066 
20.1147 
42.7034 
21.0322 
22.1165 
23.5629 
25.0577 
26.9090 
27.8518 
28.4449 
28.7686 
29.0353 
29.2146 
29.3874 
29.4383 
29.4856 
29.5227 
29.5421 
29.5411 
29.5684 
29.5625 
29.6354 
29.6857 
29.8175 
30.0069 
30.3513 
30.5640 
43.6684 
45.3938 
30.5145 
30.5467 
30.6174 
30.8119 
30.9029 
31.0627 
31.2427 
21.2861 
26.2568 
26.1882 
26.0938 
25.9693 
25.8793 
25.7749 
25.6939 
25.5713 
25.4826 
25.3691 
25.2642 
25.1717 
25.0869 
25.0107 
41.4312 
24.8850 
24.7539 
24.6741 
24.6014 
23.7608 
26.4323 
26.2726 
24.9911 
23.7506 
24.2035 
24.6771 
27.2298 
27.4570 
27.6204 
27.9589 
27.3953 
26.7553 
26.4263 
26.6816 
27.4475 
16.9593 
34.1335 
34.4949 
34.3434 
47.0739 
33.7500 
47.0707 
33.3025 
33.6070 
33.7140 
34.2266 
34.6083 
34.3600 
34.4300 
34.5993 
34.5068 
34.7466 
14.2941 
36.7896 
36.9505 
36.8235 
36.4203 
35.5361 
34.9625 
34.6502 
34.2499 
34.3365 
35.1626 
46.1710 
35.8466 
36.0290 
36.1161 
36.1964 
36.0714 
35.9844 
35.6621 
35.2997 
35.0447 
34.7702 
14.1483 
27.7584 
25.9546 
25.6385 
25.7771 
26.0207 
26.7624 
27.8511 
28.3065 
27.8878 
28.2747 
29.8849 
31.9181 
42.4448 
32.3556 
32.8847 
33.0372 
42.8704 
31.8795 
31.6813 
32.3168 
33.1257 
20.9973 
41.1227 
40.7467 
34.9018 
25.8550 
24.4781 
26.1889 
36.8477 
31.0150 
32.0884 
31.5741 
32.5192 
36.6266 
35.1438 
37.2009 
39.8618 
44.8587 
39.2365 
38.4253 
39.2482 
38.8837 
20.5881 
28.6883 
29.2474 
30.3741 
30.3928 
30.6032 
31.2240 
31.3371 
31.5893 
32.0888 
32.6826 
33.4640 
34.3554 
35.2405 
36.1931 
37.3270 
38.3622 
38.5528 
38.6709 
49.1186 
38.8342 
38.8893 
39.1697 
39.1960 
49.8334 
38.9186 
39.3783 
23.0589 
42.6013 
41.8743 
40.9191 
39.6576 
39.3172 
38.4825 
39.7682 
39.5232 
41.3501 
41.6520 
41.7277 
42.0229 
41.7435 
41.9783 
41.8977 
41.8668 
43.6264 
42.1587 
42.4330 
42.4670 
42.3963 
42.7277 
15.2073 
27.4872 
27.6114 
27.8033 
27.8971 
27.9374 
27.9677 
27.9885 
28.0964 
28.3038 
28.4840 
28.5708 
28.4947 
28.4041 
18.3073 
33.2226 
33.5465 
33.0171 
44.9270 
32.4135 
32.1704 
32.1405 
32.3184 
32.6388 
45.1657 
33.1600 
38.0872 
20.4735 
20.6650 
20.7895 
21.0774 
21.4315 
21.7767 
22.1094 
21.9809 
22.2450 
16.0722 
16.1020 
17.9911 
18.7851 
18.3492 
17.9313 
42.9035 
18.6610 
19.1109 
19.1741 
19.5747 
19.9925 
20.3418 
20.6065 
20.8254 
20.9778 
21.1149 
21.1973 
21.3023 
21.2949 
21.4973 
21.5837 
21.6172 
21.9527 
22.1788 
22.4243 
22.8487 
23.2210 
23.8350 
24.7238 
25.8332 
39.0929 
27.6942 
30.1628 
33.1183 
36.8554 
37.8783 
37.9120 
45.2054 
45.2055 
45.2076 
45.2077 
45.2076 
45.2078 
45.2092 
45.2098 
45.2094 
45.2099 
45.2099 
45.2098 
45.2098 
45.2091 
45.2091 
45.2090 
45.2075 
45.2087 
45.2088 
45.2088 
45.2087 
45.2087 
45.2088 
45.2088 
45.2088 
45.2084 
45.2085 
45.2061 
45.2050 
45.1461 
41.8279 
44.3043 
42.9764 
40.2073 
39.3671 
38.5330 
37.7125 
36.9361 
36.2058 
35.4911 
36.2191 
37.0244 
57.8962 
40.8308 
43.1683 
45.7541 
65.4334 
75.5571 
57.7801 
47.5836 
61.3942 
42.5001 
43.3414 
42.1980 
41.9138 
41.6299 
41.3075 
41.4535 
41.5410 
43.7742 
43.4152 
48.1286 
48.1279 
48.2477 
48.2738 
48.2798 
48.2780 
48.2885 
48.2905 
48.2900 
48.2849 
48.2881 
48.2891 
48.2894 
48.2874 
48.2881 
48.2880 
48.2884 
48.2875 
48.2879 
48.2871 
48.2861 
48.2834 
48.2868 
47.9617 
42.6073 
42.5174 
41.7705 
40.9639 
40.1916 
39.4533 
54.2973 
39.2675 
43.0729 
43.1920 
48.4300 
76.3982 
36.5320 
36.6858 
36.0056 
52.2500 
40.0582 
39.5186 
41.1609 
42.3383 
47.2865 
47.8160 
47.8599 
47.8762 
47.8846 
47.9084 
47.9127 
47.9078 
47.9048 
47.9094 
47.9110 
47.9092 
47.9059 
47.9113 
47.9114 
47.9107 
47.9067 
47.9108 
47.9111 
47.9104 
47.9063 
47.9104 
47.9108 
47.9102 
47.9062 
47.9103 
47.9107 
47.9101 
47.9062 
47.9103 
47.9114 
47.9110 
47.9044 
46.2472 
48.2238 
45.8070 
42.5265 
42.4680 
42.5393 
41.9578 
39.2911 
38.9822 
39.1392 
38.8075 
38.6365 
74.2263 
74.2641 
74.2838 
74.2838 
74.2838 
74.2838 
74.2838 
74.2838 
74.2838 
74.2838 
74.2838 
74.2838 
74.2838 
74.2838 
74.2838 
74.2838 
